gameid,TeamAId,TeamAName,TeamBId,TeamBName,MatchYear,Matchmonth,Seasonid,WeatherConditionId,WeatherConditionName,TeamAscore,TeamBScore
2023022,3505495,Cockatoos,3505495,Cockatoos,2023,7,2023,2,Fine,24,14
2023033,3505495,Cockatoos,3505495,Cockatoos,2023,8,2023,2,Fine,28,22
2023053,3505495,Cockatoos,3505495,Cockatoos,2023,8,2023,2,Fine,28,22
2023074,3505495,Cockatoos,3505495,Cockatoos,2023,9,2023,2,Fine,12,20
2023093,3505495,Cockatoos,3505495,Cockatoos,2023,9,2023,2,Fine,6,30
2023013,3505502,Bilbis,3505502,Bilbis,2023,7,2023,2,Fine,28,14
2023035,3505502,Bilbis,3505502,Bilbis,2023,8,2023,2,Fine,8,10
2023041,3505502,Bilbis,3505502,Bilbis,2023,8,2023,2,Fine,12,36
2023084,3505502,Bilbis,3505502,Bilbis,2023,9,2023,0,N/A,16,8
2023032,3505509,Emus,3505509,Emus,2023,8,2023,2,Fine,12,40
2023042,3505509,Emus,3505509,Emus,2023,8,2023,2,Fine,16,12
2023054,3505509,Emus,3505509,Emus,2023,8,2023,2,Fine,12,40
2023075,3505509,Emus,3505509,Emus,2023,9,2023,2,Fine,16,48
2023081,3505509,Emus,3505509,Emus,2023,9,2023,2,Fine,12,34
2023023,3505516,Crocodiles,3505516,Crocodiles,2023,7,2023,2,Fine,10,0
2023052,3505516,Crocodiles,3505516,Crocodiles,2023,8,2023,2,Fine,16,20
2023082,3505516,Crocodiles,3505516,Crocodiles,2023,9,2023,2,Fine,18,22
2023094,3505516,Crocodiles,3505516,Crocodiles,2023,9,2023,0,N/A,8,28
2021043,3504830,Gazelles,3504830,Gazelles,2022,2,2021,0,N/A,28,26
2021053,3504830,Gazelles,3504830,Gazelles,2022,2,2021,0,N/A,14,10
2022021,3504830,Gazelles,3504830,Gazelles,2022,8,2022,0,N/A,12,16
2022043,3504830,Gazelles,3504830,Gazelles,2022,9,2022,2,Fine,18,16
2022053,3504830,Gazelles,3504830,Gazelles,2022,9,2022,2,Fine,12,38
2023014,3504830,Gazelles,3504830,Gazelles,2023,7,2023,2,Fine,16,6
2023055,3504830,Gazelles,3504830,Gazelles,2023,8,2023,2,Fine,8,30
2023071,3504830,Gazelles,3504830,Gazelles,2023,9,2023,2,Fine,16,4
2023083,3504830,Gazelles,3504830,Gazelles,2023,9,2023,2,Fine,34,12
2021012,3504837,Red Bellies,3504837,Red Bellies,2022,2,2021,0,N/A,12,13
2021022,3504837,Red Bellies,3504837,Red Bellies,2022,2,2021,0,N/A,10,28
2021042,3504837,Red Bellies,3504837,Red Bellies,2022,2,2021,0,N/A,4,40
2022012,3504837,Red Bellies,3504837,Red Bellies,2022,8,2022,0,N/A,32,14
2022033,3504837,Red Bellies,3504837,Red Bellies,2022,9,2022,0,N/A,18,16
2022061,3504837,Red Bellies,3504837,Red Bellies,2022,9,2022,2,Fine,30,6
2022071,3504837,Red Bellies,3504837,Red Bellies,2022,10,2022,2,Fine,32,12
2023012,3504837,Red Bellies,3504837,Red Bellies,2023,7,2023,2,Fine,32,16
2023021,3504837,Red Bellies,3504837,Red Bellies,2023,7,2023,2,Fine,20,31
2023043,3504837,Red Bellies,3504837,Red Bellies,2023,8,2023,2,Fine,22,10
2023051,3504837,Red Bellies,3504837,Red Bellies,2023,8,2023,2,Fine,22,20
2023063,3504837,Red Bellies,3504837,Red Bellies,2023,8,2023,2,Fine,22,14
2023085,3504837,Red Bellies,3504837,Red Bellies,2023,9,2023,2,Fine,20,4
2023102,3504837,Red Bellies,3504837,Red Bellies,2023,9,2023,2,Fine,30,24
2023111,3504837,Red Bellies,3504837,Red Bellies,2023,10,2023,2,Fine,24,18
2021033,3504844,Wildcats,3504844,Wildcats,2022,2,2021,0,N/A,24,14
2021041,3504844,Wildcats,3504844,Wildcats,2022,2,2021,0,N/A,18,19
2022013,3504844,Wildcats,3504844,Wildcats,2022,8,2022,0,N/A,16,38
2022023,3504844,Wildcats,3504844,Wildcats,2022,8,2022,0,N/A,10,16
2023011,3504844,Wildcats,3504844,Wildcats,2023,7,2023,2,Fine,8,36
2023031,3504844,Wildcats,3504844,Wildcats,2023,8,2023,2,Fine,4,38
2023064,3504844,Wildcats,3504844,Wildcats,2023,8,2023,2,Fine,16,12
2023091,3504844,Wildcats,3504844,Wildcats,2023,9,2023,2,Fine,6,56
20187,3503283,Goannas,3503283,Goannas,2018,9,2018,2,Fine,4,10
20189,3503283,Goannas,3503283,Goannas,2018,9,2018,2,Fine,4,14
20188,3503283,Goannas,3503283,Goannas,2018,9,2018,2,Fine,26,0
20197,3503283,Goannas,3503283,Goannas,2019,9,2019,2,Fine,12,16
20207,3503283,Goannas,3503283,Goannas,2020,10,2020,2,Fine,18,4
20208,3503283,Goannas,3503283,Goannas,2020,10,2020,2,Fine,16,24
2021011,3503283,Goannas,3503283,Goannas,2022,2,2021,0,N/A,4,20
2021023,3503283,Goannas,3503283,Goannas,2022,2,2021,0,N/A,16,26
2021031,3503283,Goannas,3503283,Goannas,2022,2,2021,0,N/A,28,12
2022031,3503283,Goannas,3503283,Goannas,2022,9,2022,0,N/A,34,6
2022042,3503283,Goannas,3503283,Goannas,2022,9,2022,2,Fine,18,16
2022062,3503283,Goannas,3503283,Goannas,2022,9,2022,2,Fine,10,24
2023034,3503283,Goannas,3503283,Goannas,2023,8,2023,2,Fine,30,0
2023065,3503283,Goannas,3503283,Goannas,2023,8,2023,2,Fine,48,10
2023073,3503283,Goannas,3503283,Goannas,2023,9,2023,2,Fine,46,12
2023092,3503283,Goannas,3503283,Goannas,2023,9,2023,2,Fine,40,16
2023101,3503283,Goannas,3503283,Goannas,2023,9,2023,2,Fine,0,12
20184,3503290,Bunyips,3503290,Bunyips,2018,9,2018,2,Fine,30,4
20182,3503290,Bunyips,3503290,Bunyips,2018,9,2018,2,Fine,32,10
20185,3503290,Bunyips,3503290,Bunyips,2018,9,2018,2,Fine,34,12
20199,3503290,Bunyips,3503290,Bunyips,2019,9,2019,3,Showers,20,0
20192,3503290,Bunyips,3503290,Bunyips,2019,9,2019,2,Fine,8,10
20195,3503290,Bunyips,3503290,Bunyips,2019,10,2019,2,Fine,30,6
20204,3503290,Bunyips,3503290,Bunyips,2020,10,2020,2,Fine,28,14
20205,3503290,Bunyips,3503290,Bunyips,2020,10,2020,3,Showers,20,10
2021052,3503290,Bunyips,3503290,Bunyips,2022,2,2021,0,N/A,38,4
2021061,3503290,Bunyips,3503290,Bunyips,2022,2,2021,0,N/A,16,22
2022022,3503290,Bunyips,3503290,Bunyips,2022,8,2022,0,N/A,8,28
2022032,3503290,Bunyips,3503290,Bunyips,2022,9,2022,0,N/A,22,4
2022041,3503290,Bunyips,3503290,Bunyips,2022,9,2022,2,Fine,18,19
2022051,3503290,Bunyips,3503290,Bunyips,2022,9,2022,2,Fine,16,28
2023015,3503290,Bunyips,3503290,Bunyips,2023,7,2023,2,Fine,18,36
2023024,3503290,Bunyips,3503290,Bunyips,2023,7,2023,2,Fine,16,17
2023045,3503290,Bunyips,3503290,Bunyips,2023,8,2023,2,Fine,22,12
2023061,3503290,Bunyips,3503290,Bunyips,2023,8,2023,2,Fine,40,8
2023072,3503290,Bunyips,3503290,Bunyips,2023,9,2023,2,Fine,32,28
20183,3503297,Rosellas,3503297,Rosellas,2018,9,2018,2,Fine,22,10
20194,3503297,Rosellas,3503297,Rosellas,2019,9,2019,2,Fine,4,14
20198,3503297,Rosellas,3503297,Rosellas,2019,9,2019,2,Fine,24,16
20203,3503297,Rosellas,3503297,Rosellas,2020,10,2020,2,Fine,4,18
20202,3503297,Rosellas,3503297,Rosellas,2020,10,2020,2,Fine,10,22
2021013,3503297,Rosellas,3503297,Rosellas,2022,2,2021,0,N/A,20,12
2021021,3503297,Rosellas,3503297,Rosellas,2022,2,2021,0,N/A,10,0
2021032,3503297,Rosellas,3503297,Rosellas,2022,2,2021,0,N/A,18,22
2021051,3503297,Rosellas,3503297,Rosellas,2022,2,2021,0,N/A,16,10
2021062,3503297,Rosellas,3503297,Rosellas,2022,2,2021,0,N/A,24,18
2021071,3503297,Rosellas,3503297,Rosellas,2022,2,2021,0,N/A,4,16
2022011,3503297,Rosellas,3503297,Rosellas,2022,8,2022,0,N/A,26,12
2022052,3503297,Rosellas,3503297,Rosellas,2022,9,2022,2,Fine,8,30
2023025,3503297,Rosellas,3503297,Rosellas,2023,7,2023,2,Fine,38,12
2023044,3503297,Rosellas,3503297,Rosellas,2023,8,2023,2,Fine,18,19
2023062,3503297,Rosellas,3503297,Rosellas,2023,8,2023,2,Fine,22,23
2023095,3503297,Rosellas,3503297,Rosellas,2023,9,2023,2,Fine,12,46
20193,3503304,Quokkas,3503304,Quokkas,2019,9,2019,2,Fine,6,26
20209,3503304,Quokkas,3503304,Quokkas,2020,10,2020,2,Fine,12,22
